64161
82587

80323
82587

3979 0 1 0 0 0 8 0 4 0 7 3 2 1 0 0 5 0 1 0 0 1 0 4 41 3 0 0 0 0 2 0 0 0 0 0 0 3 9 54 0 0 2 0 3 1 0 0 0 2 1369 1 6 0 2 0 45 0 1 0 0 0 
0 3253 13 7 1 5 2 15 0 0 2 0 0 6 0 0 0 3 39 2 0 2416 0 1 0 0 2 3 0 23 0 0 0 0 1 1 1 0 2 1 0 5 0 0 816 2 0 14 0 0 1 2 0 0 3 2 1 0 0 1 7 2 
4 4 5389 15 0 0 0 32 8 3 84 0 0 50 0 0 3 2 0 3 0 8 0 3 0 0 9 2 0 7 2 0 0 3 0 70 2 0 6 3 1 0 1 0 4 12 0 29 0 0 2 1 12 1 2 0 0 0 0 0 0 111 
3 2 21 5627 0 37 0 11 7 5 2 2 0 0 0 1 6 0 1 8 0 4 1 3 0 0 2 0 3 1 0 0 0 0 1 6 0 10 0 2 0 2 1 0 2 11 0 0 0 0 2 1 0 0 30 0 0 0 0 0 0 4 
1 4 0 0 5024 0 11 11 4 64 8 1 0 4 2 2 6 31 0 0 8 3 0 9 0 0 9 2 0 29 80 5 0 2 76 1 19 0 1 0 0 2 2 36 4 0 2 2 5 3 0 2 1 1 0 1 81 2 2 1 158 0 
6 0 1 17 1 4554 10 4 13 13 0 4 0 0 0 0 17 0 2 2 1 0 0 0 0 0 1 9 32 7 0 0 0 0 0 0 1 1 8 1 4 21 1 0 2 12 1 0 1 0 5 0 0 0 778 5 0 0 0 0 4 0 
28 2 0 0 2 19 5339 0 23 0 1 204 1 0 1 0 4 9 0 0 0 1 0 0 0 0 0 5 0 3 4 0 0 0 0 0 0 10 20 0 0 3 106 0 1 0 0 16 1 0 10 0 6 0 14 0 14 0 11 0 0 0 
1 7 42 16 20 0 0 5789 4 13 3 0 0 0 0 6 1 0 1 0 0 10 0 17 1 1 2 2 0 38 0 0 0 2 6 12 1 1 0 6 0 27 1 0 7 1 0 0 0 1 0 6 0 0 1 15 0 0 0 2 25 9 
15 2 5 14 8 9 19 1 5238 13 5 6 1 3 9 3 20 0 1 2 1 1 0 0 0 2 89 7 2 6 0 0 0 4 2 3 1 83 1 2 7 14 1 0 1 2 1 0 0 0 8 22 7 14 29 1 3 0 0 2 2 3 
7 5 2 5 64 0 1 37 14 4895 72 0 0 0 2 0 326 0 1 0 0 6 0 9 0 1 291 0 2 0 3 0 0 0 3 0 0 2 0 1 0 4 2 0 5 0 0 0 1 0 1 12 13 1 7 0 0 0 0 0 18 0 
7 0 5 0 0 1 0 0 0 0 412 0 3 1 0 0 2 2 0 0 0 0 0 5 0 0 4 0 1 0 1 0 0 0 0 0 6 0 0 1 0 0 1 0 0 0 0 0 3 0 10 0 7 1 1 0 7 0 0 0 0 0 
4 0 0 0 0 1 48 0 0 0 0 382 0 1 0 0 0 9 0 0 0 0 0 2 0 0 0 0 0 0 0 0 0 0 0 0 0 5 0 4 0 0 1 0 0 0 0 1 0 1 1 0 0 0 1 0 0 0 0 0 0 0 
1 0 2 0 0 1 1 0 0 0 0 0 64 1 1 0 0 0 0 0 0 0 0 0 0 0 0 3 0 0 0 0 0 0 0 0 0 0 407 0 1 0 0 0 1 0 0 10 0 0 0 0 0 0 0 0 0 0 0 0 1 0 
3 0 3 0 0 0 0 0 0 0 6 1 0 408 0 0 0 0 0 0 0 1 0 0 1 0 0 0 0 2 0 0 0 0 0 0 0 1 0 2 0 0 0 0 0 1 0 2 0 1 2 0 1 0 0 0 1 0 0 3 0 0 
1 0 0 0 0 0 0 0 1 0 1 0 1 0 375 0 0 0 0 0 0 0 0 0 0 1 1 1 0 5 0 0 0 0 0 0 0 0 21 0 7 1 0 0 0 0 0 0 0 0 0 6 0 1 0 0 1 0 0 0 0 0 
1 2 0 0 0 0 1 0 3 0 0 1 0 0 1 79 0 0 0 0 0 1 0 0 0 0 0 0 0 37 0 0 0 0 0 0 0 0 0 0 2 334 0 0 1 0 0 1 0 0 0 4 0 0 0 0 0 0 0 0 0 0 
7 0 4 0 2 6 1 1 12 96 27 0 1 0 1 0 197 1 0 1 0 0 0 4 0 0 50 0 1 0 2 0 0 0 5 0 2 0 0 0 0 0 0 0 2 0 0 0 0 0 1 0 1 1 8 0 1 0 0 0 2 0 
0 0 0 0 0 0 1 0 0 0 0 4 0 1 0 0 0 446 0 0 1 0 0 29 0 0 0 1 0 0 0 0 0 0 0 0 0 0 0 0 0 0 0 5 0 0 1 6 3 1 0 0 0 0 0 0 3 0 2 0 0 0 
0 139 0 0 0 0 0 6 1 0 1 0 0 0 0 0 0 2 53 1 0 49 0 0 0 0 0 0 0 1 1 0 0 8 0 0 0 0 0 0 0 1 0 0 98 0 0 2 0 0 0 0 0 0 0 0 0 0 0 0 1 0 
3 5 1 4 0 4 0 1 3 0 0 1 0 6 0 0 1 0 8 85 0 12 0 0 0 0 0 0 0 1 2 0 0 0 0 0 0 0 0 0 0 0 0 0 2 132 0 1 0 0 0 0 0 0 7 1 7 2 0 1 3 0 
0 0 0 0 0 0 1 0 0 0 0 2 0 0 1 1 0 21 0 0 267 0 0 1 0 0 0 2 0 3 2 0 0 4 0 0 1 0 2 0 1 0 0 2 1 0 76 5 0 1 0 0 0 0 0 0 0 0 1 0 0 0 
1 348 2 0 0 0 0 2 0 0 0 0 0 1 4 0 0 0 12 4 0 402 0 0 0 0 0 1 1 3 0 0 0 0 0 0 0 0 3 0 0 1 1 0 90 1 0 31 0 0 2 0 0 1 1 0 1 0 0 1 2 0 
0 0 0 0 0 0 0 0 0 0 0 0 0 0 0 0 0 0 0 0 1 0 111 9 0 0 0 1 0 0 0 1 1 0 0 0 0 0 0 0 0 0 0 0 0 0 0 0 350 0 0 0 0 0 0 0 0 0 1 0 0 0 
0 0 1 0 0 0 0 1 0 0 0 0 0 0 0 0 0 5 0 0 0 0 0 422 0 0 0 0 0 0 1 1 0 0 0 0 0 0 0 1 0 0 0 0 0 0 1 0 1 23 0 0 0 1 0 0 1 0 1 0 0 0 
255 0 1 0 0 1 0 0 2 0 7 0 0 0 1 0 0 0 0 0 0 0 0 0 12 0 0 1 0 0 0 0 0 0 0 0 0 1 1 4 0 0 0 0 0 0 0 0 0 0 164 0 1 0 1 0 2 0 0 0 0 0 
2 0 0 0 0 0 0 0 4 1 0 0 0 0 2 1 0 0 0 0 0 0 0 1 1 110 0 3 0 0 0 0 0 0 0 0 7 0 0 16 0 2 0 0 0 0 0 0 0 1 1 257 2 2 0 0 0 2 0 0 0 0 
0 1 2 0 5 0 0 1 14 137 29 0 0 0 2 0 29 1 1 0 0 0 0 0 0 1 144 0 0 0 1 0 0 0 0 0 2 0 0 0 0 0 3 0 0 0 0 0 0 0 1 1 7 1 0 0 0 0 0 0 1 0 
1 0 2 0 1 2 0 1 0 0 2 0 0 0 2 0 0 0 0 0 0 3 0 3 0 0 0 426 0 2 0 2 0 0 0 0 0 0 5 0 0 1 0 0 1 0 0 0 0 0 1 4 0 12 0 6 0 10 0 0 4 0 
0 0 0 5 3 40 0 0 2 0 0 1 0 1 1 0 3 0 4 0 0 0 0 0 1 0 1 0 15 1 0 0 0 0 1 0 0 0 1 2 0 0 0 0 0 0 0 0 0 1 5 0 0 0 350 0 0 0 0 0 0 0 
0 0 0 0 1 0 0 1 0 0 1 0 0 0 0 0 0 0 0 0 1 0 0 0 0 0 0 4 0 411 0 0 0 0 0 0 0 0 1 0 0 2 0 0 1 0 0 0 0 0 0 0 0 0 0 10 0 0 0 0 0 1 
3 0 0 0 1 0 5 0 0 0 2 0 0 0 0 0 0 1 0 0 0 0 1 6 0 0 0 0 0 0 86 10 1 0 2 0 0 0 2 0 0 0 0 0 0 1 0 1 2 0 4 0 0 0 0 0 337 7 3 0 0 0 
1 0 0 0 0 0 1 0 0 0 0 0 0 0 0 0 0 0 0 0 0 0 0 0 1 0 0 7 0 0 9 152 1 1 3 0 0 0 0 0 0 0 0 0 0 0 0 0 0 3 2 0 0 0 0 1 42 299 0 1 0 0 
0 0 0 0 0 1 0 0 0 0 1 1 0 0 1 0 0 1 0 0 0 0 3 3 1 0 0 1 0 0 1 2 252 0 1 0 0 0 0 1 0 0 0 1 0 0 0 0 2 3 0 0 0 0 0 0 4 1 184 0 0 0 
1 0 3 0 1 1 0 2 1 0 1 0 0 0 1 0 0 0 0 1 5 1 0 2 0 0 0 2 0 0 0 1 0 265 0 1 0 0 0 0 0 0 0 0 2 0 7 0 0 1 0 0 0 1 0 0 2 1 0 165 4 0 
0 1 0 0 34 2 0 9 5 3 1 1 0 0 0 0 4 0 0 0 0 2 0 1 0 0 2 1 0 2 9 6 0 5 134 0 1 0 0 1 1 0 0 2 0 0 0 0 1 1 0 0 0 0 0 0 8 7 3 0 140 0 
0 0 143 9 0 0 0 8 7 1 2 0 0 0 5 0 0 0 0 0 0 0 0 0 0 0 1 0 0 3 0 0 0 0 0 161 0 2 1 0 1 0 0 0 1 0 0 1 0 0 0 0 0 0 0 1 0 0 0 0 0 103 
1 0 1 0 0 0 0 0 0 0 3 0 0 1 0 0 0 2 0 0 1 0 0 0 0 0 0 0 0 0 1 0 0 0 0 0 439 0 0 0 1 2 0 0 0 0 1 1 0 0 0 2 0 3 0 0 0 0 0 0 0 0 
2 0 1 3 0 0 1 0 13 0 0 5 0 0 0 0 0 0 0 0 1 0 0 0 0 1 0 0 0 0 0 0 0 0 0 0 0 402 0 2 0 0 2 0 0 0 0 0 0 0 0 1 0 0 1 0 0 0 0 0 0 0 
0 0 0 0 0 2 1 0 0 0 0 0 43 0 2 0 0 0 1 0 0 2 0 0 0 0 0 1 0 1 0 0 0 0 0 0 0 0 458 0 0 0 1 0 1 0 0 4 0 0 0 1 0 0 0 0 0 0 0 0 0 0 
30 0 0 0 0 0 0 0 1 0 0 3 0 0 0 0 0 0 0 0 0 0 0 2 0 3 0 0 0 0 0 0 0 0 0 0 0 1 0 331 0 0 0 0 0 1 0 0 0 0 17 5 0 0 0 0 1 1 0 0 0 0 
0 0 2 0 0 0 1 0 0 0 0 1 0 0 5 0 0 0 0 0 0 0 0 0 0 0 0 0 0 7 0 0 0 0 0 0 0 0 5 1 339 3 1 0 0 0 0 0 0 0 0 0 0 0 0 0 0 0 0 0 0 0 
0 0 0 0 0 1 0 4 1 0 0 0 0 0 1 7 0 0 0 0 0 0 0 0 0 0 0 4 0 1 0 0 0 0 0 0 1 0 0 0 2 392 1 0 1 0 0 0 0 0 0 1 0 0 0 2 0 0 0 0 0 0 
2 0 1 0 1 1 85 0 3 2 1 3 0 0 1 0 2 0 0 0 0 0 0 0 0 0 0 0 0 1 0 0 0 0 1 0 0 1 4 0 1 2 272 0 0 0 0 0 0 0 1 0 2 0 1 0 1 0 0 0 0 0 
0 0 0 0 6 0 0 0 1 0 0 0 0 0 0 0 1 3 0 0 1 0 0 4 0 0 0 0 0 1 0 0 1 0 1 0 5 0 0 0 0 0 0 365 0 0 1 0 6 1 0 0 1 0 0 0 1 0 1 1 1 0 
0 231 1 2 0 0 0 2 1 0 1 0 0 0 0 0 0 0 9 2 0 256 0 0 0 0 1 0 0 7 0 0 0 0 0 2 0 0 0 3 0 2 0 0 278 6 0 1 0 0 0 2 0 0 1 6 0 0 0 0 0 1 
2 0 2 7 0 9 0 1 0 0 0 0 0 0 0 1 3 0 0 16 0 0 0 0 0 0 0 0 1 1 0 1 0 0 1 0 1 0 0 0 0 0 0 0 3 361 0 0 0 0 1 0 0 0 9 5 0 0 0 0 1 0 
0 0 1 0 1 0 0 0 0 0 0 1 0 0 1 0 0 9 0 0 133 1 0 4 0 0 0 0 0 1 0 0 0 4 0 0 0 0 3 0 0 2 0 0 0 0 208 2 0 1 0 0 0 0 0 0 1 0 0 2 2 0 
0 0 0 0 0 0 2 0 0 0 0 1 0 1 0 0 0 5 1 0 0 3 0 0 0 0 0 0 0 0 0 0 0 0 0 0 1 0 8 0 0 0 0 0 2 0 0 471 0 0 0 0 0 0 0 0 0 1 0 0 0 0 
0 0 0 0 0 0 0 0 0 0 0 0 0 0 0 0 0 0 0 0 1 0 18 7 0 0 0 1 0 0 1 0 0 0 0 0 0 0 0 1 0 0 0 16 0 0 0 0 406 6 0 0 0 0 0 0 1 0 2 0 0 0 
0 0 0 0 0 0 0 0 0 0 0 0 0 0 0 0 0 0 0 0 1 0 1 3 0 0 0 0 0 0 1 0 1 0 0 0 1 0 0 2 0 0 0 1 0 0 0 0 2 423 0 0 0 0 0 0 0 2 0 1 0 0 
348 0 0 0 0 0 0 0 1 0 0 0 0 0 0 0 0 0 0 0 0 0 0 0 2 0 0 0 0 0 0 0 0 0 0 0 0 0 0 10 0 0 0 0 0 0 0 0 0 0 94 1 0 0 0 0 3 0 0 0 0 0 
1 0 0 0 0 0 0 1 1 0 0 0 0 0 0 0 0 0 0 0 0 0 0 0 0 36 0 0 0 0 0 0 0 0 0 0 0 0 0 2 0 3 0 0 1 0 0 0 0 1 0 419 0 1 0 0 0 1 0 0 0 0 
8 0 5 0 0 0 0 0 0 1 27 0 0 1 0 0 1 0 0 0 0 0 0 0 0 0 3 0 0 0 1 0 1 0 0 0 0 2 1 1 0 0 7 0 0 0 0 0 0 0 4 1 381 2 0 0 5 0 0 0 0 0 
0 0 12 0 0 0 0 0 1 0 3 0 0 0 11 0 0 0 0 0 4 0 0 1 0 1 0 1 0 0 0 0 0 0 0 0 7 3 3 1 0 3 0 1 0 0 3 0 1 0 0 2 3 383 0 0 0 0 0 1 0 1 
1 0 0 2 0 51 0 0 4 0 0 0 0 0 0 0 3 0 0 0 0 0 0 0 1 0 0 0 17 0 0 0 0 0 0 0 0 0 0 0 0 1 1 0 0 1 0 0 0 0 1 0 0 0 362 0 0 0 0 0 0 0 
0 0 0 0 0 1 0 12 0 0 0 0 0 0 0 0 0 0 0 0 0 0 0 1 0 0 0 8 0 12 0 0 0 0 0 0 0 0 0 0 0 0 0 0 0 1 0 0 0 0 0 0 0 0 0 434 0 0 0 0 0 0 
4 0 0 0 2 0 2 0 0 0 0 0 0 0 0 0 0 0 0 0 0 0 0 0 0 0 0 0 0 0 34 9 0 0 0 0 0 0 0 1 0 0 0 1 0 1 1 0 0 3 0 0 0 0 0 0 384 16 0 0 0 0 
0 1 0 0 1 0 0 0 0 0 0 0 0 0 0 0 0 0 0 1 0 0 0 0 0 0 0 0 0 0 1 87 0 0 2 0 0 0 0 0 0 0 0 0 0 1 0 0 0 1 0 0 0 0 0 0 16 368 0 0 3 0 
0 0 0 0 2 0 1 0 0 0 0 0 0 0 0 0 0 1 0 0 0 0 0 2 0 0 0 0 0 0 0 2 91 0 0 0 0 0 0 1 0 0 0 1 0 0 0 1 1 9 0 0 0 0 0 0 2 0 361 0 0 0 
0 0 3 0 0 0 0 0 2 0 0 0 0 1 0 0 0 1 0 0 5 1 0 1 0 0 0 2 0 0 0 0 0 151 1 0 1 0 0 1 0 0 0 0 1 0 8 1 1 0 0 0 0 0 0 2 1 2 0 284 1 1 
0 0 0 0 13 0 0 3 2 1 0 0 0 0 0 0 0 1 0 0 1 1 0 0 0 0 0 11 0 3 0 3 0 0 48 0 0 0 0 0 0 0 0 0 0 0 0 0 0 1 0 3 0 0 0 0 0 4 0 1 357 0 
0 0 157 2 0 0 0 1 1 0 0 0 0 0 1 0 0 0 0 0 0 0 0 0 0 0 0 0 0 2 0 0 0 0 0 70 0 0 0 0 2 0 0 0 0 0 0 0 0 0 0 0 0 0 0 0 0 0 0 0 0 231 
